sweep_index          Cl_1[1/cm^2]         Cl_2[1/cm^2]         Cl_3[1/cm^2]         Total[1/cm^2]        
     -0.200000E+001      0.149382E+014      0.553264E-039      0.574069E-017      0.149382E+014 
     -0.199000E+001      0.149216E+014      0.547503E-039      0.574154E-017      0.149216E+014 
     -0.198000E+001      0.149052E+014      0.541798E-039      0.574246E-017      0.149052E+014 
     -0.197000E+001      0.148888E+014      0.536149E-039      0.574340E-017      0.148888E+014 
     -0.196000E+001      0.148724E+014      0.530553E-039      0.574436E-017      0.148724E+014 
     -0.195000E+001      0.148562E+014      0.525012E-039      0.574534E-017      0.148562E+014 
     -0.194000E+001      0.148399E+014      0.519525E-039      0.574634E-017      0.148399E+014 
     -0.193000E+001      0.148238E+014      0.514091E-039      0.574736E-017      0.148238E+014 
     -0.192000E+001      0.148077E+014      0.508711E-039      0.574840E-017      0.148077E+014 
     -0.191000E+001      0.147916E+014      0.503383E-039      0.574946E-017      0.147916E+014 
     -0.190000E+001      0.147756E+014      0.498108E-039      0.575055E-017      0.147756E+014 
     -0.189000E+001      0.147597E+014      0.492885E-039      0.575166E-017      0.147597E+014 
     -0.188000E+001      0.147438E+014      0.487714E-039      0.575279E-017      0.147438E+014 
     -0.187000E+001      0.147280E+014      0.482594E-039      0.575395E-017      0.147280E+014 
     -0.186000E+001      0.147122E+014      0.477526E-039      0.575513E-017      0.147122E+014 
     -0.185000E+001      0.146965E+014      0.472508E-039      0.575634E-017      0.146965E+014 
     -0.184000E+001      0.146809E+014      0.467541E-039      0.575758E-017      0.146809E+014 
     -0.183000E+001      0.146653E+014      0.462624E-039      0.575885E-017      0.146653E+014 
     -0.182000E+001      0.146498E+014      0.457758E-039      0.576015E-017      0.146498E+014 
     -0.181000E+001      0.146344E+014      0.452940E-039      0.576148E-017      0.146344E+014 
     -0.180000E+001      0.146190E+014      0.448172E-039      0.576284E-017      0.146190E+014 
     -0.179000E+001      0.146037E+014      0.443453E-039      0.576423E-017      0.146037E+014 
     -0.178000E+001      0.145884E+014      0.438783E-039      0.576566E-017      0.145884E+014 
     -0.177000E+001      0.145732E+014      0.434161E-039      0.576712E-017      0.145732E+014 
     -0.176000E+001      0.145581E+014      0.429587E-039      0.576863E-017      0.145581E+014 
     -0.175000E+001      0.145431E+014      0.425061E-039      0.577017E-017      0.145431E+014 
     -0.174000E+001      0.145281E+014      0.420583E-039      0.577175E-017      0.145281E+014 
     -0.173000E+001      0.145132E+014      0.416151E-039      0.577337E-017      0.145132E+014 
     -0.172000E+001      0.144983E+014      0.411767E-039      0.577504E-017      0.144983E+014 
     -0.171000E+001      0.144835E+014      0.407429E-039      0.577675E-017      0.144835E+014 
     -0.170000E+001      0.144688E+014      0.403137E-039      0.577851E-017      0.144688E+014 
     -0.169000E+001      0.144541E+014      0.398891E-039      0.578031E-017      0.144541E+014 
     -0.168000E+001      0.144396E+014      0.394691E-039      0.578217E-017      0.144396E+014 
     -0.167000E+001      0.144250E+014      0.390537E-039      0.578408E-017      0.144250E+014 
     -0.166000E+001      0.144106E+014      0.386427E-039      0.578605E-017      0.144106E+014 
     -0.165000E+001      0.143962E+014      0.382363E-039      0.578808E-017      0.143962E+014 
     -0.164000E+001      0.143819E+014      0.378343E-039      0.579016E-017      0.143819E+014 
     -0.163000E+001      0.143677E+014      0.374367E-039      0.579232E-017      0.143677E+014 
     -0.162000E+001      0.143535E+014      0.370436E-039      0.579453E-017      0.143535E+014 
     -0.161000E+001      0.143395E+014      0.366548E-039      0.579682E-017      0.143395E+014 
     -0.160000E+001      0.143254E+014      0.362703E-039      0.579918E-017      0.143254E+014 
     -0.159000E+001      0.143115E+014      0.358902E-039      0.580161E-017      0.143115E+014 
     -0.158000E+001      0.142976E+014      0.355144E-039      0.580413E-017      0.142976E+014 
     -0.157000E+001      0.142839E+014      0.351429E-039      0.580673E-017      0.142839E+014 
     -0.156000E+001      0.142701E+014      0.347756E-039      0.580941E-017      0.142701E+014 
     -0.155000E+001      0.142565E+014      0.344125E-039      0.581219E-017      0.142565E+014 
     -0.154000E+001      0.142429E+014      0.340537E-039      0.581507E-017      0.142429E+014 
     -0.153000E+001      0.142295E+014      0.336990E-039      0.581804E-017      0.142295E+014 
     -0.152000E+001      0.142161E+014      0.333484E-039      0.582113E-017      0.142161E+014 
     -0.151000E+001      0.142027E+014      0.330020E-039      0.582433E-017      0.142027E+014 
     -0.150000E+001      0.141895E+014      0.326597E-039      0.582764E-017      0.141895E+014 
     -0.149000E+001      0.141763E+014      0.323214E-039      0.583108E-017      0.141763E+014 
     -0.148000E+001      0.141632E+014      0.319872E-039      0.583465E-017      0.141632E+014 
     -0.147000E+001      0.141502E+014      0.316571E-039      0.583837E-017      0.141502E+014 
     -0.146000E+001      0.141373E+014      0.313309E-039      0.584223E-017      0.141373E+014 
     -0.145000E+001      0.141244E+014      0.310087E-039      0.584624E-017      0.141244E+014 
     -0.144000E+001      0.141117E+014      0.306905E-039      0.585042E-017      0.141117E+014 
     -0.143000E+001      0.140990E+014      0.303762E-039      0.585478E-017      0.140990E+014 
     -0.142000E+001      0.140864E+014      0.300659E-039      0.585932E-017      0.140864E+014 
     -0.141000E+001      0.140739E+014      0.297595E-039      0.586405E-017      0.140739E+014 
     -0.140000E+001      0.140615E+014      0.294569E-039      0.586900E-017      0.140615E+014 
     -0.139000E+001      0.140491E+014      0.291582E-039      0.587416E-017      0.140491E+014 
     -0.138000E+001      0.140369E+014      0.288633E-039      0.587956E-017      0.140369E+014 
     -0.137000E+001      0.140247E+014      0.285723E-039      0.588521E-017      0.140247E+014 
     -0.136000E+001      0.140127E+014      0.282851E-039      0.589113E-017      0.140127E+014 
     -0.135000E+001      0.140007E+014      0.280016E-039      0.589733E-017      0.140007E+014 
     -0.134000E+001      0.139888E+014      0.277220E-039      0.590383E-017      0.139888E+014 
     -0.133000E+001      0.139770E+014      0.274460E-039      0.591066E-017      0.139770E+014 
     -0.132000E+001      0.139653E+014      0.271739E-039      0.591784E-017      0.139653E+014 
     -0.131000E+001      0.139536E+014      0.269054E-039      0.592539E-017      0.139536E+014 
     -0.130000E+001      0.139421E+014      0.266406E-039      0.593333E-017      0.139421E+014 
     -0.129000E+001      0.139307E+014      0.263796E-039      0.594170E-017      0.139307E+014 
     -0.128000E+001      0.139194E+014      0.261222E-039      0.595053E-017      0.139194E+014 
     -0.127000E+001      0.139081E+014      0.258685E-039      0.595986E-017      0.139081E+014 
     -0.126000E+001      0.138970E+014      0.256184E-039      0.596971E-017      0.138970E+014 
     -0.125000E+001      0.138859E+014      0.253720E-039      0.598014E-017      0.138859E+014 
     -0.124000E+001      0.138750E+014      0.251292E-039      0.599118E-017      0.138750E+014 
     -0.123000E+001      0.138642E+014      0.248900E-039      0.600289E-017      0.138642E+014 
     -0.122000E+001      0.138534E+014      0.246544E-039      0.601532E-017      0.138534E+014 
     -0.121000E+001      0.138428E+014      0.244225E-039      0.602854E-017      0.138428E+014 
     -0.120000E+001      0.138322E+014      0.241941E-039      0.604261E-017      0.138322E+014 
     -0.119000E+001      0.138218E+014      0.239694E-039      0.605761E-017      0.138218E+014 
     -0.118000E+001      0.138115E+014      0.237483E-039      0.607362E-017      0.138115E+014 
     -0.117000E+001      0.138013E+014      0.235307E-039      0.609074E-017      0.138013E+014 
     -0.116000E+001      0.137912E+014      0.233168E-039      0.610907E-017      0.137912E+014 
     -0.115000E+001      0.137812E+014      0.231065E-039      0.612855E-017      0.137812E+014 
     -0.114000E+001      0.137713E+014      0.228998E-039      0.614969E-017      0.137713E+014 
     -0.113000E+001      0.137616E+014      0.226967E-039      0.617244E-017      0.137616E+014 
     -0.112000E+001      0.137519E+014      0.224972E-039      0.619701E-017      0.137519E+014 
     -0.111000E+001      0.137424E+014      0.223014E-039      0.622358E-017      0.137424E+014 
     -0.110000E+001      0.137330E+014      0.221092E-039      0.625239E-017      0.137330E+014 
     -0.109000E+001      0.137237E+014      0.219207E-039      0.628371E-017      0.137237E+014 
     -0.108000E+001      0.137146E+014      0.217358E-039      0.631784E-017      0.137146E+014 
     -0.107000E+001      0.137055E+014      0.215546E-039      0.635514E-017      0.137055E+014 
     -0.106000E+001      0.136966E+014      0.213770E-039      0.639601E-017      0.136966E+014 
     -0.105000E+001      0.136879E+014      0.212032E-039      0.644093E-017      0.136879E+014 
     -0.104000E+001      0.136792E+014      0.210329E-039      0.649046E-017      0.136792E+014 
     -0.103000E+001      0.136707E+014      0.208664E-039      0.654522E-017      0.136707E+014 
     -0.102000E+001      0.136623E+014      0.207035E-039      0.660596E-017      0.136623E+014 
     -0.101000E+001      0.136541E+014      0.205443E-039      0.667355E-017      0.136541E+014 
     -0.100000E+001      0.136460E+014      0.203886E-039      0.674901E-017      0.136460E+014 
     -0.990000E+000      0.136380E+014      0.202366E-039      0.683350E-017      0.136380E+014 
     -0.980000E+000      0.136302E+014      0.200880E-039      0.692842E-017      0.136302E+014 
     -0.970000E+000      0.136225E+014      0.199430E-039      0.703537E-017      0.136225E+014 
     -0.960000E+000      0.136149E+014      0.198015E-039      0.715629E-017      0.136149E+014 
     -0.950000E+000      0.136074E+014      0.196632E-039      0.729314E-017      0.136074E+014 
     -0.940000E+000      0.136001E+014      0.195287E-039      0.744914E-017      0.136001E+014 
     -0.930000E+000      0.135929E+014      0.193981E-039      0.762761E-017      0.135929E+014 
     -0.920000E+000      0.135859E+014      0.192717E-039      0.783311E-017      0.135859E+014 
     -0.910000E+000      0.135791E+014      0.191497E-039      0.807155E-017      0.135791E+014 
     -0.900000E+000      0.135725E+014      0.190323E-039      0.835032E-017      0.135725E+014 
     -0.890000E+000      0.135661E+014      0.189194E-039      0.867835E-017      0.135661E+014 
     -0.880000E+000      0.135598E+014      0.188108E-039      0.906650E-017      0.135598E+014 
     -0.870000E+000      0.135537E+014      0.187064E-039      0.952808E-017      0.135537E+014 
     -0.860000E+000      0.135478E+014      0.186058E-039      0.100794E-016      0.135478E+014 
     -0.850000E+000      0.135420E+014      0.185090E-039      0.107407E-016      0.135420E+014 
     -0.840000E+000      0.135363E+014      0.184156E-039      0.115371E-016      0.135363E+014 
     -0.830000E+000      0.135308E+014      0.183258E-039      0.125024E-016      0.135308E+014 
     -0.820000E+000      0.135254E+014      0.182390E-039      0.136710E-016      0.135254E+014 
     -0.810000E+000      0.135201E+014      0.181553E-039      0.150943E-016      0.135201E+014 
     -0.800000E+000      0.135150E+014      0.180745E-039      0.168340E-016      0.135150E+014 
     -0.790000E+000      0.135099E+014      0.179966E-039      0.189676E-016      0.135099E+014 
     -0.780000E+000      0.135049E+014      0.179214E-039      0.215928E-016      0.135049E+014 
     -0.770000E+000      0.135001E+014      0.178489E-039      0.248334E-016      0.135001E+014 
     -0.760000E+000      0.134953E+014      0.136940E-008      0.911190E-003      0.134953E+014 
     -0.750000E+000      0.134906E+014      0.141280E-008      0.911190E-003      0.134906E+014 
     -0.740000E+000      0.134861E+014      0.145553E-008      0.911190E-003      0.134861E+014 
     -0.730000E+000      0.134815E+014      0.424376E-008      0.582380E-002      0.134815E+014 
     -0.720000E+000      0.134771E+014      0.436860E-008      0.582380E-002      0.134771E+014 
     -0.710000E+000      0.134728E+014      0.607118E-008      0.673499E-002      0.134728E+014 
     -0.700000E+000      0.134685E+014      0.766890E-008      0.764618E-002      0.134685E+014 
     -0.690000E+000      0.134643E+014      0.951875E-008      0.855736E-002      0.134643E+014 
     -0.680000E+000      0.134601E+014      0.171374E-007      0.192938E-001      0.134601E+014 
     -0.670000E+000      0.134560E+014      0.192779E-007      0.202050E-001      0.134560E+014 
     -0.660000E+000      0.134520E+014      0.260724E-007      0.269399E-001      0.134520E+014 
     -0.650000E+000      0.134480E+014      0.316510E-007      0.327637E-001      0.134480E+014 
     -0.640000E+000      0.134441E+014      0.378660E-007      0.354973E-001      0.134441E+014 
     -0.630000E+000      0.134403E+014      0.555192E-007      0.538799E-001      0.134403E+014 
     -0.620000E+000      0.134364E+014      0.712966E-007      0.673498E-001      0.134364E+014 
     -0.610000E+000      0.134327E+014      0.896150E-007      0.817309E-001      0.134327E+014 
     -0.600000E+000      0.134290E+014      0.118787E-006      0.104669E+000      0.134290E+014 
     -0.590000E+000      0.134253E+014      0.151629E-006      0.128519E+000      0.134253E+014 
     -0.580000E+000      0.134217E+014      0.199649E-006      0.168929E+000      0.134217E+014 
     -0.570000E+000      0.134182E+014      0.258124E-006      0.216074E+000      0.134182E+014 
     -0.560000E+000      0.134146E+014      0.337631E-006      0.278511E+000      0.134146E+014 
     -0.550000E+000      0.134112E+014      0.435217E-006      0.350416E+000      0.134112E+014 
     -0.540000E+000      0.134077E+014      0.570327E-006      0.454174E+000      0.134077E+014 
     -0.530000E+000      0.134043E+014      0.740010E-006      0.579960E+000      0.134043E+014 
     -0.520000E+000      0.134010E+014      0.965663E-006      0.743065E+000      0.134010E+014 
     -0.510000E+000      0.133976E+014      0.126047E-005      0.948045E+000      0.133976E+014 
     -0.500000E+000      0.133943E+014      0.164861E-005      0.122564E+001      0.133943E+014 
     -0.490000E+000      0.133911E+014      0.216205E-005      0.157134E+001      0.133911E+014 
     -0.480000E+000      0.133879E+014      0.283228E-005      0.202698E+001      0.133879E+014 
     -0.470000E+000      0.133847E+014      0.372167E-005      0.262152E+001      0.133847E+014 
     -0.460000E+000      0.133815E+014      0.487898E-005      0.338863E+001      0.133815E+014 
     -0.450000E+000      0.133784E+014      0.640749E-005      0.438148E+001      0.133784E+014 
     -0.440000E+000      0.133753E+014      0.842294E-005      0.567142E+001      0.133753E+014 
     -0.430000E+000      0.133723E+014      0.110812E-004      0.734930E+001      0.133723E+014 
     -0.420000E+000      0.133692E+014      0.145980E-004      0.955253E+001      0.133692E+014 
     -0.410000E+000      0.133662E+014      0.192387E-004      0.124113E+002      0.133662E+014 
     -0.400000E+000      0.133633E+014      0.253812E-004      0.161494E+002      0.133633E+014 
     -0.390000E+000      0.133603E+014      0.335187E-004      0.210392E+002      0.133603E+014 
     -0.380000E+000      0.133574E+014      0.442853E-004      0.274311E+002      0.133574E+014 
     -0.370000E+000      0.133545E+014      0.585684E-004      0.358016E+002      0.133545E+014 
     -0.360000E+000      0.133516E+014      0.775211E-004      0.467785E+002      0.133516E+014 
     -0.350000E+000      0.133488E+014      0.102674E-003      0.611769E+002      0.133488E+014 
     -0.340000E+000      0.133460E+014      0.136097E-003      0.800953E+002      0.133460E+014 
     -0.330000E+000      0.133432E+014      0.180571E-003      0.104961E+003      0.133432E+014 
     -0.320000E+000      0.133404E+014      0.239684E-003      0.137669E+003      0.133404E+014 
     -0.310000E+000      0.133377E+014      0.318373E-003      0.180724E+003      0.133377E+014 
     -0.300000E+000      0.133350E+014      0.423202E-003      0.237456E+003      0.133350E+014 
     -0.290000E+000      0.133323E+014      0.562953E-003      0.312272E+003      0.133323E+014 
     -0.280000E+000      0.133296E+014      0.749307E-003      0.411008E+003      0.133296E+014 
     -0.270000E+000      0.133269E+014      0.998026E-003      0.541387E+003      0.133269E+014 
     -0.260000E+000      0.133243E+014      0.133014E-002      0.713715E+003      0.133243E+014 
     -0.250000E+000      0.133217E+014      0.177386E-002      0.941643E+003      0.133217E+014 
     -0.240000E+000      0.133191E+014      0.236708E-002      0.124330E+004      0.133191E+014 
     -0.230000E+000      0.133165E+014      0.316055E-002      0.164282E+004      0.133165E+014 
     -0.220000E+000      0.133140E+014      0.422924E-002      0.217618E+004      0.133140E+014 
     -0.210000E+000      0.133114E+014      0.565338E-002      0.287960E+004      0.133114E+014 
     -0.200000E+000      0.133089E+014      0.756135E-002      0.381308E+004      0.133089E+014 
     -0.190000E+000      0.133064E+014      0.101189E-001      0.505268E+004      0.133064E+014 
     -0.180000E+000      0.133039E+014      0.135490E-001      0.669985E+004      0.133039E+014 
     -0.170000E+000      0.133015E+014      0.181517E-001      0.888994E+004      0.133015E+014 
     -0.160000E+000      0.132990E+014      0.243309E-001      0.118037E+005      0.132990E+014 
     -0.150000E+000      0.132966E+014      0.326307E-001      0.156826E+005      0.132966E+014 
     -0.140000E+000      0.132942E+014      0.437842E-001      0.208495E+005      0.132942E+014 
     -0.130000E+000      0.132918E+014      0.587799E-001      0.277358E+005      0.132918E+014 
     -0.120000E+000      0.132894E+014      0.789508E-001      0.369193E+005      0.132894E+014 
     -0.110000E+000      0.132870E+014      0.106096E+000      0.491728E+005      0.132870E+014 
     -0.100000E+000      0.132847E+014      0.142642E+000      0.655321E+005      0.132847E+014 
     -0.900000E-001      0.132824E+014      0.191869E+000      0.873845E+005      0.132824E+014 
     -0.800000E-001      0.132801E+014      0.258204E+000      0.116590E+006      0.132801E+014 
     -0.700000E-001      0.132778E+014      0.347635E+000      0.155645E+006      0.132778E+014 
     -0.600000E-001      0.132755E+014      0.468252E+000      0.207895E+006      0.132755E+014 
     -0.500000E-001      0.132732E+014      0.631000E+000      0.277837E+006      0.132732E+014 
     -0.400000E-001      0.132709E+014      0.850689E+000      0.371508E+006      0.132709E+014 
     -0.300000E-001      0.132687E+014      0.114736E+001      0.497019E+006      0.132687E+014 
     -0.200000E-001      0.132665E+014      0.154816E+001      0.665275E+006      0.132665E+014 
     -0.100000E-001      0.132643E+014      0.208984E+001      0.890945E+006      0.132643E+014 
      0.416334E-016      0.132621E+014      0.282221E+001      0.119376E+007      0.132621E+014 
      0.100000E-001      0.132599E+014      0.381280E+001      0.160028E+007      0.132599E+014 
      0.200000E-001      0.132577E+014      0.515314E+001      0.214627E+007      0.132577E+014 
      0.300000E-001      0.132555E+014      0.696743E+001      0.287992E+007      0.132555E+014 
      0.400000E-001      0.132534E+014      0.942416E+001      0.386615E+007      0.132534E+014 
      0.500000E-001      0.132513E+014      0.127520E+002      0.519251E+007      0.132513E+014 
      0.600000E-001      0.132491E+014      0.172615E+002      0.697704E+007      0.132491E+014 
      0.700000E-001      0.132470E+014      0.233742E+002      0.937901E+007      0.132470E+014 
      0.800000E-001      0.132449E+014      0.316631E+002      0.126134E+008      0.132449E+014 
      0.900000E-001      0.132428E+014      0.429066E+002      0.169703E+008      0.132429E+014 
      0.100000E+000      0.132408E+014      0.581625E+002      0.228415E+008      0.132408E+014 
      0.110000E+000      0.132387E+014      0.788691E+002      0.307564E+008      0.132387E+014 
      0.120000E+000      0.132366E+014      0.106982E+003      0.414298E+008      0.132367E+014 
      0.130000E+000      0.132346E+014      0.145159E+003      0.558277E+008      0.132347E+014 
      0.140000E+000      0.132326E+014      0.197015E+003      0.752552E+008      0.132326E+014 
      0.150000E+000      0.132305E+014      0.267466E+003      0.101475E+009      0.132306E+014 
      0.160000E+000      0.132285E+014      0.363191E+003      0.136870E+009      0.132287E+014 
      0.170000E+000      0.132265E+014      0.493263E+003      0.184653E+009      0.132267E+014 
      0.180000E+000      0.132245E+014      0.670003E+003      0.249163E+009      0.132248E+014 
      0.190000E+000      0.132225E+014      0.910114E+003      0.336242E+009      0.132229E+014 
      0.200000E+000      0.132205E+014      0.123621E+004      0.453752E+009      0.132210E+014 
      0.210000E+000      0.132185E+014      0.167884E+004      0.612241E+009      0.132191E+014 
      0.220000E+000      0.132165E+014      0.227913E+004      0.825818E+009      0.132173E+014 
      0.230000E+000      0.132145E+014      0.309222E+004      0.111327E+010      0.132156E+014 
      0.240000E+000      0.132125E+014      0.419160E+004      0.149944E+010      0.132140E+014 
      0.250000E+000      0.132104E+014      0.567442E+004      0.201693E+010      0.132124E+014 
      0.260000E+000      0.132083E+014      0.766774E+004      0.270803E+010      0.132110E+014 
      0.270000E+000      0.132061E+014      0.103354E+005      0.362671E+010      0.132097E+014 
      0.280000E+000      0.132039E+014      0.138848E+005      0.484059E+010      0.132087E+014 
      0.290000E+000      0.132015E+014      0.185720E+005      0.643206E+010      0.132079E+014 
      0.300000E+000      0.131990E+014      0.247038E+005      0.849828E+010      0.132075E+014 
      0.310000E+000      0.131964E+014      0.326333E+005      0.111489E+011      0.132075E+014 
      0.320000E+000      0.131935E+014      0.427483E+005      0.145011E+011      0.132080E+014 
      0.330000E+000      0.131904E+014      0.554503E+005      0.186718E+011      0.132091E+014 
      0.340000E+000      0.131871E+014      0.711272E+005      0.237678E+011      0.132109E+014 
      0.350000E+000      0.131834E+014      0.901234E+005      0.298762E+011      0.132133E+014 
      0.360000E+000      0.131795E+014      0.112715E+006      0.370558E+011      0.132166E+014 
      0.370000E+000      0.131752E+014      0.139096E+006      0.453341E+011      0.132206E+014 
      0.380000E+000      0.131707E+014      0.169372E+006      0.547070E+011      0.132254E+014 
      0.390000E+000      0.131658E+014      0.203572E+006      0.651437E+011      0.132310E+014 
      0.400000E+000      0.131607E+014      0.241663E+006      0.765929E+011      0.132373E+014 
      0.410000E+000      0.131553E+014      0.283566E+006      0.889902E+011      0.132443E+014 
      0.420000E+000      0.131496E+014      0.329176E+006      0.102264E+012      0.132519E+014 
      0.430000E+000      0.131438E+014      0.378370E+006      0.116341E+012      0.132601E+014 
      0.440000E+000      0.131377E+014      0.431026E+006      0.131148E+012      0.132689E+014 
      0.450000E+000      0.131315E+014      0.487021E+006      0.146619E+012      0.132782E+014 
      0.460000E+000      0.131252E+014      0.546242E+006      0.162689E+012      0.132879E+014 
      0.470000E+000      0.131187E+014      0.608585E+006      0.179302E+012      0.132980E+014 
      0.480000E+000      0.131121E+014      0.673955E+006      0.196405E+012      0.133085E+014 
      0.490000E+000      0.131055E+014      0.742269E+006      0.213952E+012      0.133194E+014 
      0.500000E+000      0.130987E+014      0.813453E+006      0.231902E+012      0.133306E+014 
      0.510000E+000      0.130919E+014      0.887444E+006      0.250219E+012      0.133421E+014 
      0.520000E+000      0.130850E+014      0.964185E+006      0.268868E+012      0.133538E+014 
      0.530000E+000      0.130780E+014      0.104363E+007      0.287822E+012      0.133659E+014 
      0.540000E+000      0.130710E+014      0.112573E+007      0.307055E+012      0.133781E+014 
      0.550000E+000      0.130640E+014      0.121046E+007      0.326543E+012      0.133906E+014 
      0.560000E+000      0.130570E+014      0.129778E+007      0.346266E+012      0.134033E+014 
      0.570000E+000      0.130499E+014      0.138767E+007      0.366207E+012      0.134161E+014 
      0.580000E+000      0.130428E+014      0.148011E+007      0.386348E+012      0.134292E+014 
      0.590000E+000      0.130357E+014      0.157507E+007      0.406675E+012      0.134424E+014 
      0.600000E+000      0.130286E+014      0.167254E+007      0.427174E+012      0.134558E+014 
      0.610000E+000      0.130215E+014      0.177250E+007      0.447835E+012      0.134694E+014 
      0.620000E+000      0.130144E+014      0.187496E+007      0.468645E+012      0.134830E+014 
      0.630000E+000      0.130073E+014      0.197988E+007      0.489596E+012      0.134969E+014 
      0.640000E+000      0.130002E+014      0.208727E+007      0.510678E+012      0.135109E+014 
      0.650000E+000      0.129931E+014      0.219713E+007      0.531883E+012      0.135250E+014 
      0.660000E+000      0.129860E+014      0.230944E+007      0.553204E+012      0.135392E+014 
      0.670000E+000      0.129789E+014      0.242420E+007      0.574635E+012      0.135535E+014 
      0.680000E+000      0.129718E+014      0.254141E+007      0.596168E+012      0.135680E+014 
      0.690000E+000      0.129648E+014      0.266107E+007      0.617799E+012      0.135826E+014 
      0.700000E+000      0.129577E+014      0.278318E+007      0.639523E+012      0.135973E+014 
      0.710000E+000      0.129507E+014      0.290773E+007      0.661333E+012      0.136121E+014 
      0.720000E+000      0.129437E+014      0.303472E+007      0.683227E+012      0.136269E+014 
      0.730000E+000      0.129367E+014      0.316417E+007      0.705199E+012      0.136419E+014 
      0.740000E+000      0.129298E+014      0.329605E+007      0.727247E+012      0.136570E+014 
      0.750000E+000      0.129228E+014      0.343039E+007      0.749366E+012      0.136722E+014 
      0.760000E+000      0.129159E+014      0.356718E+007      0.771553E+012      0.136875E+014 
      0.770000E+000      0.129090E+014      0.370642E+007      0.793806E+012      0.137028E+014 
      0.780000E+000      0.129021E+014      0.384811E+007      0.816121E+012      0.137183E+014 
      0.790000E+000      0.128953E+014      0.399226E+007      0.838496E+012      0.137338E+014 
      0.800000E+000      0.128885E+014      0.413887E+007      0.860928E+012      0.137494E+014 
      0.810000E+000      0.128817E+014      0.428794E+007      0.883414E+012      0.137651E+014 
      0.820000E+000      0.128749E+014      0.443948E+007      0.905954E+012      0.137808E+014 
      0.830000E+000      0.128681E+014      0.459349E+007      0.928544E+012      0.137967E+014 
      0.840000E+000      0.128614E+014      0.474996E+007      0.951183E+012      0.138126E+014 
      0.850000E+000      0.128547E+014      0.490891E+007      0.973869E+012      0.138286E+014 
      0.860000E+000      0.128481E+014      0.507034E+007      0.996600E+012      0.138447E+014 
      0.870000E+000      0.128414E+014      0.523425E+007      0.101937E+013      0.138608E+014 
      0.880000E+000      0.128348E+014      0.540065E+007      0.104219E+013      0.138770E+014 
      0.890000E+000      0.128282E+014      0.556953E+007      0.106505E+013      0.138933E+014 
      0.900000E+000      0.128217E+014      0.574091E+007      0.108794E+013      0.139096E+014 
      0.910000E+000      0.128151E+014      0.591478E+007      0.111088E+013      0.139260E+014 
      0.920000E+000      0.128086E+014      0.609115E+007      0.113385E+013      0.139425E+014 
      0.930000E+000      0.128022E+014      0.627002E+007      0.115686E+013      0.139590E+014 
      0.940000E+000      0.127957E+014      0.645140E+007      0.117990E+013      0.139756E+014 
      0.950000E+000      0.127893E+014      0.663529E+007      0.120297E+013      0.139923E+014 
      0.960000E+000      0.127829E+014      0.682169E+007      0.122608E+013      0.140090E+014 
      0.970000E+000      0.127766E+014      0.701061E+007      0.124922E+013      0.140258E+014 
      0.980000E+000      0.127702E+014      0.720205E+007      0.127239E+013      0.140426E+014 
      0.990000E+000      0.127639E+014      0.739601E+007      0.129558E+013      0.140595E+014 
      0.100000E+001      0.127576E+014      0.759250E+007      0.131881E+013      0.140765E+014 
      0.101000E+001      0.127514E+014      0.779152E+007      0.134207E+013      0.140935E+014 
      0.102000E+001      0.127452E+014      0.799307E+007      0.136535E+013      0.141105E+014 
      0.103000E+001      0.127390E+014      0.819716E+007      0.138866E+013      0.141277E+014 
      0.104000E+001      0.127328E+014      0.840380E+007      0.141199E+013      0.141448E+014 
      0.105000E+001      0.127267E+014      0.861297E+007      0.143535E+013      0.141621E+014 
      0.106000E+001      0.127206E+014      0.882470E+007      0.145874E+013      0.141794E+014 
      0.107000E+001      0.127145E+014      0.903897E+007      0.148214E+013      0.141967E+014 
      0.108000E+001      0.127085E+014      0.925580E+007      0.150558E+013      0.142141E+014 
      0.109000E+001      0.127025E+014      0.947518E+007      0.152903E+013      0.142315E+014 
      0.110000E+001      0.126965E+014      0.969712E+007      0.155251E+013      0.142490E+014 
      0.111000E+001      0.126905E+014      0.992163E+007      0.157600E+013      0.142665E+014 
      0.112000E+001      0.126846E+014      0.101487E+008      0.159952E+013      0.142841E+014 
      0.113000E+001      0.126787E+014      0.103783E+008      0.162306E+013      0.143018E+014 
      0.114000E+001      0.126728E+014      0.106106E+008      0.164662E+013      0.143194E+014 
      0.115000E+001      0.126670E+014      0.108453E+008      0.167020E+013      0.143372E+014 
      0.116000E+001      0.126611E+014      0.110827E+008      0.169380E+013      0.143549E+014 
      0.117000E+001      0.126553E+014      0.113227E+008      0.171742E+013      0.143728E+014 
      0.118000E+001      0.126496E+014      0.115652E+008      0.174105E+013      0.143906E+014 
      0.119000E+001      0.126438E+014      0.118103E+008      0.176471E+013      0.144085E+014 
      0.120000E+001      0.126381E+014      0.120580E+008      0.178838E+013      0.144265E+014 
      0.121000E+001      0.126324E+014      0.123083E+008      0.181207E+013      0.144445E+014 
      0.122000E+001      0.126267E+014      0.125612E+008      0.183577E+013      0.144625E+014 
      0.123000E+001      0.126211E+014      0.128167E+008      0.185949E+013      0.144806E+014 
      0.124000E+001      0.126155E+014      0.130747E+008      0.188323E+013      0.144987E+014 
      0.125000E+001      0.126099E+014      0.133354E+008      0.190699E+013      0.145169E+014 
      0.126000E+001      0.126043E+014      0.135987E+008      0.193076E+013      0.145351E+014 
      0.127000E+001      0.125988E+014      0.138646E+008      0.195454E+013      0.145534E+014 
      0.128000E+001      0.125933E+014      0.141331E+008      0.197834E+013      0.145716E+014 
      0.129000E+001      0.125878E+014      0.144042E+008      0.200216E+013      0.145900E+014 
      0.130000E+001      0.125823E+014      0.146779E+008      0.202599E+013      0.146083E+014 
      0.131000E+001      0.125769E+014      0.149543E+008      0.204983E+013      0.146267E+014 
      0.132000E+001      0.125715E+014      0.152332E+008      0.207369E+013      0.146452E+014 
      0.133000E+001      0.125661E+014      0.155148E+008      0.209756E+013      0.146637E+014 
      0.134000E+001      0.125607E+014      0.157990E+008      0.212144E+013      0.146822E+014 
      0.135000E+001      0.125554E+014      0.160858E+008      0.214534E+013      0.147008E+014 
      0.136000E+001      0.125501E+014      0.163752E+008      0.216925E+013      0.147193E+014 
      0.137000E+001      0.125448E+014      0.166673E+008      0.219318E+013      0.147380E+014 
      0.138000E+001      0.125395E+014      0.169620E+008      0.221711E+013      0.147566E+014 
      0.139000E+001      0.125343E+014      0.172593E+008      0.224106E+013      0.147753E+014 
      0.140000E+001      0.125290E+014      0.175593E+008      0.226502E+013      0.147941E+014 
      0.141000E+001      0.125238E+014      0.178619E+008      0.228899E+013      0.148128E+014 
      0.142000E+001      0.125187E+014      0.181671E+008      0.231298E+013      0.148317E+014 
      0.143000E+001      0.125135E+014      0.184750E+008      0.233697E+013      0.148505E+014 
      0.144000E+001      0.125084E+014      0.187855E+008      0.236098E+013      0.148694E+014 
      0.145000E+001      0.125033E+014      0.190986E+008      0.238499E+013      0.148883E+014 
      0.146000E+001      0.124982E+014      0.194144E+008      0.240902E+013      0.149072E+014 
      0.147000E+001      0.124931E+014      0.197329E+008      0.243306E+013      0.149262E+014 
      0.148000E+001      0.124880E+014      0.200539E+008      0.245711E+013      0.149452E+014 
      0.149000E+001      0.124830E+014      0.203777E+008      0.248117E+013      0.149642E+014 
      0.150000E+001      0.124780E+014      0.207040E+008      0.250524E+013      0.149833E+014 
      0.151000E+001      0.124730E+014      0.210331E+008      0.252932E+013      0.150024E+014 
      0.152000E+001      0.124681E+014      0.213647E+008      0.255341E+013      0.150215E+014 
      0.153000E+001      0.124631E+014      0.216991E+008      0.257751E+013      0.150407E+014 
      0.154000E+001      0.124582E+014      0.220361E+008      0.260161E+013      0.150598E+014 
      0.155000E+001      0.124533E+014      0.223757E+008      0.262573E+013      0.150791E+014 
      0.156000E+001      0.124484E+014      0.227180E+008      0.264986E+013      0.150983E+014 
      0.157000E+001      0.124436E+014      0.230630E+008      0.267400E+013      0.151176E+014 
      0.158000E+001      0.124387E+014      0.234106E+008      0.269814E+013      0.151369E+014 
      0.159000E+001      0.124339E+014      0.237609E+008      0.272230E+013      0.151562E+014 
      0.160000E+001      0.124291E+014      0.241138E+008      0.274646E+013      0.151756E+014 
      0.161000E+001      0.124243E+014      0.244694E+008      0.277063E+013      0.151949E+014 
      0.162000E+001      0.124195E+014      0.248277E+008      0.279481E+013      0.152144E+014 
      0.163000E+001      0.124148E+014      0.251886E+008      0.281900E+013      0.152338E+014 
      0.164000E+001      0.124100E+014      0.255522E+008      0.284319E+013      0.152533E+014 
      0.165000E+001      0.124053E+014      0.259185E+008      0.286740E+013      0.152728E+014 
      0.166000E+001      0.124006E+014      0.262874E+008      0.289161E+013      0.152923E+014 
      0.167000E+001      0.123960E+014      0.266590E+008      0.291583E+013      0.153118E+014 
      0.168000E+001      0.123913E+014      0.270333E+008      0.294006E+013      0.153314E+014 
      0.169000E+001      0.123867E+014      0.274102E+008      0.296429E+013      0.153510E+014 
      0.170000E+001      0.123820E+014      0.277898E+008      0.298853E+013      0.153706E+014 
      0.171000E+001      0.123774E+014      0.281721E+008      0.301278E+013      0.153902E+014 
      0.172000E+001      0.123728E+014      0.285571E+008      0.303704E+013      0.154099E+014 
      0.173000E+001      0.123683E+014      0.289447E+008      0.306131E+013      0.154296E+014 
      0.174000E+001      0.123637E+014      0.293350E+008      0.308558E+013      0.154493E+014 
      0.175000E+001      0.123592E+014      0.297280E+008      0.310985E+013      0.154691E+014 
      0.176000E+001      0.123547E+014      0.301237E+008      0.313414E+013      0.154888E+014 
      0.177000E+001      0.123502E+014      0.305220E+008      0.315843E+013      0.155086E+014 
      0.178000E+001      0.123457E+014      0.309230E+008      0.318273E+013      0.155284E+014 
      0.179000E+001      0.123412E+014      0.313267E+008      0.320703E+013      0.155483E+014 
      0.180000E+001      0.123367E+014      0.317331E+008      0.323135E+013      0.155681E+014 
      0.181000E+001      0.123323E+014      0.321421E+008      0.325566E+013      0.155880E+014 
      0.182000E+001      0.123279E+014      0.325539E+008      0.327999E+013      0.156079E+014 
      0.183000E+001      0.123234E+014      0.329683E+008      0.330432E+013      0.156278E+014 
      0.184000E+001      0.123190E+014      0.333854E+008      0.332865E+013      0.156477E+014 
      0.185000E+001      0.123147E+014      0.338052E+008      0.335300E+013      0.156677E+014 
      0.186000E+001      0.123103E+014      0.342276E+008      0.337734E+013      0.156877E+014 
      0.187000E+001      0.123059E+014      0.346528E+008      0.340170E+013      0.157077E+014 
      0.188000E+001      0.123016E+014      0.350806E+008      0.342606E+013      0.157277E+014 
      0.189000E+001      0.122973E+014      0.355111E+008      0.345042E+013      0.157477E+014 
      0.190000E+001      0.122930E+014      0.359443E+008      0.347479E+013      0.157678E+014 
      0.191000E+001      0.122887E+014      0.363802E+008      0.349917E+013      0.157879E+014 
      0.192000E+001      0.122844E+014      0.368187E+008      0.352355E+013      0.158080E+014 
      0.193000E+001      0.122801E+014      0.372600E+008      0.354794E+013      0.158281E+014 
      0.194000E+001      0.122759E+014      0.377039E+008      0.357233E+013      0.158482E+014 
      0.195000E+001      0.122716E+014      0.381505E+008      0.359673E+013      0.158684E+014 
      0.196000E+001      0.122674E+014      0.385999E+008      0.362113E+013      0.158886E+014 
      0.197000E+001      0.122632E+014      0.390518E+008      0.364554E+013      0.159087E+014 
      0.198000E+001      0.122590E+014      0.395065E+008      0.366995E+013      0.159289E+014 
      0.199000E+001      0.122548E+014      0.399639E+008      0.369437E+013      0.159492E+014 
      0.200000E+001      0.122506E+014      0.404239E+008      0.371879E+013      0.159694E+014 